version https://git-lfs.github.com/spec/v1
oid sha256:3ddc828a428e59c4f7669965a7eafcd7398d842da14cd351bf02e2c647a84261
size 574861920
